0.115487
0.229427
0.274294
0.335631
0.397505
0.434539
0.445450
0.441185
0.425191
0.402544
0.389593
0.393011
0.396092
0.390864
0.392778
0.407972
0.424100
0.427314
0.411592
0.382692
0.362243
0.370985
0.407622
0.455524
0.491296
0.490767
0.441883
0.368856
0.326633
0.327607
0.333045
0.315735
0.270375
0.195409
0.126924
0.117940
0.152078
0.174346
0.149399
0.124110
0.189247
0.338232
0.452693
0.503561
0.524566
0.524067
0.501058
0.491524
0.524876
0.538191
0.509659
0.484738
0.460643
0.426552
0.394392
0.362751
0.297087
0.209674
0.120097
0.015460
0.074445
0.115680
0.132335
0.140727
0.126466
0.085698
0.016725
0.117553
0.277183
0.335530
0.304643
0.248466
0.213346
0.246263
0.317625
0.361488
0.355076
0.321513
0.297721
0.293530
0.281844
0.246732
0.232168
0.250680
0.320720
0.469508
0.600378
0.461234
0.185072
0.054655
0.220049
0.209809
0.117243
0.104704
0.157226
0.199601
0.181876
0.141007
0.157930
0.220826
0.303012
0.390921
0.418082
0.294317
0.257855
0.312408
0.395973
0.468597
0.492267
0.443080
0.370609
0.271485
0.090774
0.061604
0.108681
0.073039
0.026536
0.205027
0.299778
0.263576
0.218833
0.190297
0.228080
0.453561
0.710334
0.710886
0.653609
0.553090
0.422782
0.324737
0.302046
0.319152
0.303817
0.186635
0.038030
0.314964
0.488198
0.503983
0.453570
0.365982
0.212605
0.044825
0.309767
0.402985
0.305163
0.112894
0.012468
0.035693
0.022115
0.102175
0.039942
0.030741
0.028099
0.072627
0.245719
0.316153
0.356245
0.434222
0.508127
0.348722
0.067373
0.077189
0.080701
0.059282
0.351371
0.530154
0.452778
0.234537
0.000044
0.146041
0.152153
0.012338
0.095383
0.007255
0.137412
0.208850
0.166175
0.029995
0.119446
0.230826
0.319441
0.380289
0.359757
0.223791
0.010693
0.163068
0.227954
0.207021
0.105131
0.004072
0.052125
0.074946
0.106112
0.154142
0.183155
0.159243
0.086544
0.044193
0.197344
0.268007
0.213135
0.117513
0.085344
0.114349
0.169147
0.191803
0.099075
0.092482
0.288918
0.421415
0.474162
0.433991
0.277313
0.125527
0.052400
0.033183
0.006042
0.143376
0.350024
0.310406
0.166055
0.028669
0.222920
0.362786
0.361423
0.199462
0.010415
0.165840
0.258301
0.200924
0.123637
0.119593
0.189403
0.250046
0.269509
0.253719
0.210616
0.114079
0.092540
0.328678
0.391868
0.250499
0.082556
0.048711
0.223912
0.431131
0.460788
0.341263
0.065745
0.304316
0.469422
0.416698
0.311945
0.233585
0.191724
0.191224
0.244283
0.333932
0.404700
0.398631
0.296703
0.098299
0.081193
0.145308
0.111977
0.096001
0.139339
0.222033
0.286830
0.302727
0.281250
0.208221
0.090154
0.043607
0.195908
0.348669
0.443452
0.484376
0.516845
0.527119
0.424359
0.220825
0.001938
0.116542
0.094937
0.001983
0.100785
0.194494
0.276943
0.340070
0.369221
0.351120
0.267396
0.134127
0.022805
0.148985
0.150550
0.100560
0.080653
0.086963
0.065764
0.027514
0.010541
0.063523
0.201052
0.334070
0.435530
0.443134
0.269513
0.017346
0.235298
0.328580
0.249047
0.063880
0.328836
0.421148
0.428373
0.384195
0.287491
0.123148
0.134814
0.365977
0.373613
0.307395
0.309876
0.367192
0.398511
0.359886
0.263482
0.083551
0.106698
0.151730
0.017660
0.225033
0.383578
0.452837
0.477595
0.454072
0.334204
0.176699
0.055961
0.085624
0.267700
0.457034
0.531805
0.458995
0.343815
0.243300
0.136521
0.045168
0.033531
0.075729
0.150581
0.228951
0.278526
0.282725
0.213834
0.100974
0.094023
0.165305
0.233383
0.272633
0.293283
0.306783
0.311498
0.312792
0.333221
0.337763
0.291368
0.240698
0.197703
0.148660
0.087418
0.017604
0.021993
0.051119
0.172470
0.235643
0.221056
0.170899
0.166025
0.218972
0.243227
0.176352
0.004666
0.225577
0.427312
0.574890
0.554467
0.405640
0.269882
0.175857
0.135218
0.102783
0.068902
0.096935
0.160017
0.209413
0.217801
0.209115
0.251644
0.342192
0.372952
0.362071
0.309124
0.225374
0.124246
0.012245
0.150115
0.192696
0.099203
0.085012
0.277996
0.494591
0.665478
0.641958
0.534829
0.354404
0.061766
0.331141
0.594461
0.638526
0.561869
0.413129
0.214260
0.010974
0.235157
0.411040
0.469320
0.435885
0.330899
0.096955
0.197863
0.279488
0.287255
0.315710
0.369462
0.346357
0.125315
0.094413
0.128322
0.037031
0.105826
0.219708
0.218782
0.033812
0.234173
0.355950
0.360670
0.303585
0.175628
0.024248
0.233438
0.343188
0.412866
0.495217
0.565443
0.527818
0.344952
0.101531
0.082750
0.137142
0.093590
0.021911
0.050350
0.109455
0.133603
0.113059
0.082328
0.115563
0.277459
0.505349
0.554993
0.374086
0.196908
0.077028
0.034782
0.128425
0.110300
0.063931
0.248879
0.311779
0.267546
0.114261
0.077787
0.158399
0.132369
0.067844
0.032686
0.067467
0.183356
0.353643
0.461167
0.442023
0.419258
0.432261
0.399725
0.305938
0.242974
0.217158
0.204278
0.193758
0.196234
0.199364
0.200354
0.223312
0.262189
0.281631
0.278798
0.249812
0.107390
0.091883
0.171231
0.189330
0.175375
0.133070
0.051933
0.068192
0.156705
0.171865
0.118521
0.017515
0.069074
0.107933
0.129891
0.186156
0.280155
0.332605
0.342111
0.335255
0.287316
0.166879
0.057549
0.118186
0.310895
0.498923
0.571044
0.504008
0.309127
0.058410
0.127244
0.164934
0.072673
0.045840
0.066374
0.020856
0.143636
0.242296
0.249988
0.194515
0.193819
0.267629
0.369045
0.448001
0.495476
0.496114
0.406414
0.242033
0.124517
0.165368
0.270599
0.292586
0.212573
0.019076
0.362422
0.457067
0.368892
0.150832
0.164934
0.401738
0.493750
0.525532
0.540654
0.549090
0.533679
0.475516
0.389351
0.320714
0.301225
0.288411
0.241998
0.156904
0.038207
0.167581
0.502560
0.662102
0.670970
0.622487
0.498228
0.270057
0.070532
0.052795
0.164932
0.299245
0.351411
0.207475
0.083645
0.000763
0.061397
0.099409
0.093837
0.021903
0.063928
0.043911
0.061040
0.181202
0.253566
0.289032
0.336419
0.393575
0.435856
0.443907
0.399744
0.320658
0.261389
0.219368
0.159392
0.066823
0.048154
0.164506
0.248001
0.254230
0.171189
0.044710
0.053155
0.101416
0.104808
0.040065
0.055505
0.030348
0.120905
0.280719
0.385841
0.394626
0.321003
0.260920
0.267829
0.264927
0.200639
0.112476
0.031048
0.281820
0.492353
0.470412
0.305678
0.025402
0.210931
0.242947
0.042521
0.131606
0.086875
0.027180
0.126338
0.187869
0.172282
0.032609
0.165564
0.333374
0.407734
0.329714
0.166553
0.014294
0.186390
0.281235
0.257885
0.174683
0.073149
0.029983
0.053382
0.095519
0.098652
0.042734
0.058047
0.124401
0.108967
0.034668
0.060772
0.132388
0.166102
0.169649
0.133387
0.024813
0.177806
0.455236
0.637295
0.567755
0.417453
0.326107
0.324984
0.387007
0.454478
0.492297
0.483251
0.459101
0.496690
0.616752
0.679814
0.607608
0.465257
0.299092
0.113243
0.040860
0.088194
0.081413
0.080132
0.090141
0.094440
0.065307
0.009669
0.010550
0.065850
0.188065
0.365516
0.460161
0.429884
0.348897
0.265473
0.198431
0.152899
0.126705
0.101723
0.100919
0.205765
0.328316
0.327362
0.285969
0.214246
0.100806
0.063619
0.257390
0.415914
0.513039
0.496858
0.297576
0.048096
0.188005
0.474104
0.722700
0.732773
0.661731
0.569279
0.457305
0.388601
0.416832
0.484731
0.427960
0.284493
0.185415
0.206100
0.369204
0.539263
0.564642
0.471031
0.314678
0.184624
0.123624
0.112939
0.098384
0.053595
0.000144
0.059368
0.148616
0.268853
0.371268
0.402896
0.388906
0.385206
0.367189
0.322782
0.277040
0.269536
0.313079
0.370732
0.397779
0.416206
0.457650
0.465029
0.392825
0.273117
0.136295
0.020569
0.164356
0.221841
0.221506
0.199756
0.167557
0.147533
0.204179
0.417374
0.527038
0.509633
0.498505
0.486940
0.441953
0.338353
0.183967
0.010404
0.160279
0.288668
0.346873
0.318688
0.141228
0.089416
0.172643
0.138409
0.024386
0.119146
0.236822
0.283759
0.261093
0.250057
0.310307
0.407534
0.484838
0.536138
0.551201
0.476384
0.240363
0.024026
0.202237
0.359720
0.494250
0.412399
0.140096
0.179089
0.471523
0.618380
0.654199
0.640434
0.539111
0.379034
0.206543
0.043175
0.052395
0.068407
0.081252
0.123609
0.148364
0.062628
0.169979
0.326951
0.355990
0.303019
0.198279
0.075346
0.054742
0.215993
0.388687
0.464343
0.438907
0.391440
0.316932
0.190294
0.061263
0.051867
0.135916
0.154178
0.078272
0.050717
0.102142
0.092120
0.053286
0.009173
0.105448
0.248873
0.429921
0.553366
0.472570
0.299025
0.162537
0.054677
0.085468
0.310396
0.561680
0.644368
0.581801
0.469992
0.292102
0.054423
0.079308
0.102576
0.087711
0.052679
0.003016
0.023442
0.019337
0.001995
0.015093
0.031410
0.036108
0.002122
0.035276
0.027696
0.003941
0.026516
0.101420
0.170263
0.159912
0.027637
0.140656
0.253256
0.325456
0.297798
0.113750
0.007060
0.022596
0.000225
0.070010
0.188948
0.345228
0.459387
0.483873
0.409061
0.261738
0.132468
0.079872
0.086092
0.095007
0.037068
0.114814
0.213602
0.125147
0.102407
0.353166
0.536880
0.594464
0.517471
0.399069
0.323467
0.284370
0.248322
0.203136
0.152406
0.113776
0.103855
0.120532
0.150066
0.182317
0.212243
0.232322
0.245165
0.245059
0.183054
0.081229
0.039631
0.048635
0.046373
0.012707
0.038151
0.172852
0.369856
0.542650
0.584940
0.490450
0.370726
0.307393
0.236765
0.045397
0.083242
0.168566
0.198334
0.123878
0.115770
0.409525
0.491724
0.382728
0.185430
0.009754
0.156212
0.262422
0.354513
0.448932
0.518505
0.505062
0.400129
0.266304
0.170489
0.135233
0.160064
0.228872
0.309387
0.354216
0.344769
0.285311
0.222521
0.204883
0.223949
0.258476
0.286694
0.283901
0.235933
0.153712
0.075880
0.047681
0.084705
0.151875
0.200732
0.220334
0.223117
0.216473
